7 segment display layout:

   a
  ---
 |   |
f|   |b
  ---
 | g |
e|   |c
  ---
   d






Truth table for 1 byte to 3x 7 segment display (common cathode):

   byte input   |               :  7 segments   :              
                |     (100)     :     (10)      :      (1)     
8 7 6 5 4 3 2 1 | a b c d e f g : a b c d e f g : a b c d e f b
----------------+---------------=---------------=--------------
0 0 0 0 0 0 0 0 | 1 1 1 1 1 1 0   1 1 1 1 1 1 0   1 1 1 1 1 1 0
0 0 0 0 0 0 0 1 | 1 1 1 1 1 1 0   1 1 1 1 1 1 0   0 1 1 0 0 0 0
0 0 0 0 0 0 1 0 | 1 1 1 1 1 1 0   1 1 1 1 1 1 0   1 1 0 1 1 0 1
0 0 0 0 0 0 1 1 | 1 1 1 1 1 1 0   1 1 1 1 1 1 0   1 1 1 1 0 0 1
0 0 0 0 0 1 0 0 | 1 1 1 1 1 1 0   1 1 1 1 1 1 0   0 1 1 0 0 1 1
0 0 0 0 0 1 0 1 | 1 1 1 1 1 1 0   1 1 1 1 1 1 0   1 0 1 1 0 1 1
0 0 0 0 0 1 1 0 | 1 1 1 1 1 1 0   1 1 1 1 1 1 0   1 0 1 1 1 1 1
0 0 0 0 0 1 1 1 | 1 1 1 1 1 1 0   1 1 1 1 1 1 0   1 1 1 0 0 0 0
0 0 0 0 1 0 0 0 | 1 1 1 1 1 1 0   1 1 1 1 1 1 0   1 1 1 1 1 1 1
0 0 0 0 1 0 0 1 | 1 1 1 1 1 1 0   1 1 1 1 1 1 0   1 1 1 1 0 1 1
0 0 0 0 1 0 1 0 | 1 1 1 1 1 1 0   0 1 1 0 0 0 0   1 1 1 1 1 1 0
0 0 0 0 1 0 1 1 | 1 1 1 1 1 1 0   0 1 1 0 0 0 0   0 1 1 0 0 0 0
0 0 0 0 1 1 0 0 | 1 1 1 1 1 1 0   0 1 1 0 0 0 0   1 1 0 1 1 0 1
0 0 0 0 1 1 0 1 | 1 1 1 1 1 1 0   0 1 1 0 0 0 0   1 1 1 1 0 0 1
0 0 0 0 1 1 1 0 | 1 1 1 1 1 1 0   0 1 1 0 0 0 0   0 1 1 0 0 1 1
0 0 0 0 1 1 1 1 | 1 1 1 1 1 1 0   0 1 1 0 0 0 0   1 0 1 1 0 1 1
0 0 0 1 0 0 0 0 | 1 1 1 1 1 1 0   0 1 1 0 0 0 0   1 0 1 1 1 1 1
0 0 0 1 0 0 0 1 | 1 1 1 1 1 1 0   0 1 1 0 0 0 0   1 1 1 0 0 0 0
0 0 0 1 0 0 1 0 | 1 1 1 1 1 1 0   0 1 1 0 0 0 0   1 1 1 1 1 1 1
0 0 0 1 0 0 1 1 | 1 1 1 1 1 1 0   0 1 1 0 0 0 0   1 1 1 1 0 1 1
0 0 0 1 0 1 0 0 | 1 1 1 1 1 1 0   1 1 0 1 1 0 1   1 1 1 1 1 1 0
0 0 0 1 0 1 0 1 | 1 1 1 1 1 1 0   1 1 0 1 1 0 1   0 1 1 0 0 0 0
0 0 0 1 0 1 1 0 | 1 1 1 1 1 1 0   1 1 0 1 1 0 1   1 1 0 1 1 0 1
0 0 0 1 0 1 1 1 | 1 1 1 1 1 1 0   1 1 0 1 1 0 1   1 1 1 1 0 0 1
0 0 0 1 1 0 0 0 | 1 1 1 1 1 1 0   1 1 0 1 1 0 1   0 1 1 0 0 1 1
0 0 0 1 1 0 0 1 | 1 1 1 1 1 1 0   1 1 0 1 1 0 1   1 0 1 1 0 1 1
0 0 0 1 1 0 1 0 | 1 1 1 1 1 1 0   1 1 0 1 1 0 1   1 0 1 1 1 1 1
0 0 0 1 1 0 1 1 | 1 1 1 1 1 1 0   1 1 0 1 1 0 1   1 1 1 0 0 0 0
0 0 0 1 1 1 0 0 | 1 1 1 1 1 1 0   1 1 0 1 1 0 1   1 1 1 1 1 1 1
0 0 0 1 1 1 0 1 | 1 1 1 1 1 1 0   1 1 0 1 1 0 1   1 1 1 1 0 1 1
0 0 0 1 1 1 1 0 | 1 1 1 1 1 1 0   1 1 1 1 0 0 1   1 1 1 1 1 1 0
0 0 0 1 1 1 1 1 | 1 1 1 1 1 1 0   1 1 1 1 0 0 1   0 1 1 0 0 0 0
0 0 1 0 0 0 0 0 | 1 1 1 1 1 1 0   1 1 1 1 0 0 1   1 1 0 1 1 0 1
0 0 1 0 0 0 0 1 | 1 1 1 1 1 1 0   1 1 1 1 0 0 1   1 1 1 1 0 0 1
0 0 1 0 0 0 1 0 | 1 1 1 1 1 1 0   1 1 1 1 0 0 1   0 1 1 0 0 1 1
0 0 1 0 0 0 1 1 | 1 1 1 1 1 1 0   1 1 1 1 0 0 1   1 0 1 1 0 1 1
0 0 1 0 0 1 0 0 | 1 1 1 1 1 1 0   1 1 1 1 0 0 1   1 0 1 1 1 1 1
0 0 1 0 0 1 0 1 | 1 1 1 1 1 1 0   1 1 1 1 0 0 1   1 1 1 0 0 0 0
0 0 1 0 0 1 1 0 | 1 1 1 1 1 1 0   1 1 1 1 0 0 1   1 1 1 1 1 1 1
0 0 1 0 0 1 1 1 | 1 1 1 1 1 1 0   1 1 1 1 0 0 1   1 1 1 1 0 1 1
0 0 1 0 1 0 0 0 | 1 1 1 1 1 1 0   0 1 1 0 0 1 1   1 1 1 1 1 1 0
0 0 1 0 1 0 0 1 | 1 1 1 1 1 1 0   0 1 1 0 0 1 1   0 1 1 0 0 0 0
0 0 1 0 1 0 1 0 | 1 1 1 1 1 1 0   0 1 1 0 0 1 1   1 1 0 1 1 0 1
0 0 1 0 1 0 1 1 | 1 1 1 1 1 1 0   0 1 1 0 0 1 1   1 1 1 1 0 0 1
0 0 1 0 1 1 0 0 | 1 1 1 1 1 1 0   0 1 1 0 0 1 1   0 1 1 0 0 1 1
0 0 1 0 1 1 0 1 | 1 1 1 1 1 1 0   0 1 1 0 0 1 1   1 0 1 1 0 1 1
0 0 1 0 1 1 1 0 | 1 1 1 1 1 1 0   0 1 1 0 0 1 1   1 0 1 1 1 1 1
0 0 1 0 1 1 1 1 | 1 1 1 1 1 1 0   0 1 1 0 0 1 1   1 1 1 0 0 0 0
0 0 1 1 0 0 0 0 | 1 1 1 1 1 1 0   0 1 1 0 0 1 1   1 1 1 1 1 1 1
0 0 1 1 0 0 0 1 | 1 1 1 1 1 1 0   0 1 1 0 0 1 1   1 1 1 1 0 1 1
0 0 1 1 0 0 1 0 | 1 1 1 1 1 1 0   1 0 1 1 0 1 1   1 1 1 1 1 1 0
0 0 1 1 0 0 1 1 | 1 1 1 1 1 1 0   1 0 1 1 0 1 1   0 1 1 0 0 0 0
0 0 1 1 0 1 0 0 | 1 1 1 1 1 1 0   1 0 1 1 0 1 1   1 1 0 1 1 0 1
0 0 1 1 0 1 0 1 | 1 1 1 1 1 1 0   1 0 1 1 0 1 1   1 1 1 1 0 0 1
0 0 1 1 0 1 1 0 | 1 1 1 1 1 1 0   1 0 1 1 0 1 1   0 1 1 0 0 1 1
0 0 1 1 0 1 1 1 | 1 1 1 1 1 1 0   1 0 1 1 0 1 1   1 0 1 1 0 1 1
0 0 1 1 1 0 0 0 | 1 1 1 1 1 1 0   1 0 1 1 0 1 1   1 0 1 1 1 1 1
0 0 1 1 1 0 0 1 | 1 1 1 1 1 1 0   1 0 1 1 0 1 1   1 1 1 0 0 0 0
0 0 1 1 1 0 1 0 | 1 1 1 1 1 1 0   1 0 1 1 0 1 1   1 1 1 1 1 1 1
0 0 1 1 1 0 1 1 | 1 1 1 1 1 1 0   1 0 1 1 0 1 1   1 1 1 1 0 1 1
0 0 1 1 1 1 0 0 | 1 1 1 1 1 1 0   1 0 1 1 1 1 1   1 1 1 1 1 1 0
0 0 1 1 1 1 0 1 | 1 1 1 1 1 1 0   1 0 1 1 1 1 1   0 1 1 0 0 0 0
0 0 1 1 1 1 1 0 | 1 1 1 1 1 1 0   1 0 1 1 1 1 1   1 1 0 1 1 0 1
0 0 1 1 1 1 1 1 | 1 1 1 1 1 1 0   1 0 1 1 1 1 1   1 1 1 1 0 0 1
0 1 0 0 0 0 0 0 | 1 1 1 1 1 1 0   1 0 1 1 1 1 1   0 1 1 0 0 1 1
0 1 0 0 0 0 0 1 | 1 1 1 1 1 1 0   1 0 1 1 1 1 1   1 0 1 1 0 1 1
0 1 0 0 0 0 1 0 | 1 1 1 1 1 1 0   1 0 1 1 1 1 1   1 0 1 1 1 1 1
0 1 0 0 0 0 1 1 | 1 1 1 1 1 1 0   1 0 1 1 1 1 1   1 1 1 0 0 0 0
0 1 0 0 0 1 0 0 | 1 1 1 1 1 1 0   1 0 1 1 1 1 1   1 1 1 1 1 1 1
0 1 0 0 0 1 0 1 | 1 1 1 1 1 1 0   1 0 1 1 1 1 1   1 1 1 1 0 1 1
0 1 0 0 0 1 1 0 | 1 1 1 1 1 1 0   1 1 1 0 0 0 0   1 1 1 1 1 1 0
0 1 0 0 0 1 1 1 | 1 1 1 1 1 1 0   1 1 1 0 0 0 0   0 1 1 0 0 0 0
0 1 0 0 1 0 0 0 | 1 1 1 1 1 1 0   1 1 1 0 0 0 0   1 1 0 1 1 0 1
0 1 0 0 1 0 0 1 | 1 1 1 1 1 1 0   1 1 1 0 0 0 0   1 1 1 1 0 0 1
0 1 0 0 1 0 1 0 | 1 1 1 1 1 1 0   1 1 1 0 0 0 0   0 1 1 0 0 1 1
0 1 0 0 1 0 1 1 | 1 1 1 1 1 1 0   1 1 1 0 0 0 0   1 0 1 1 0 1 1
0 1 0 0 1 1 0 0 | 1 1 1 1 1 1 0   1 1 1 0 0 0 0   1 0 1 1 1 1 1
0 1 0 0 1 1 0 1 | 1 1 1 1 1 1 0   1 1 1 0 0 0 0   1 1 1 0 0 0 0
0 1 0 0 1 1 1 0 | 1 1 1 1 1 1 0   1 1 1 0 0 0 0   1 1 1 1 1 1 1
0 1 0 0 1 1 1 1 | 1 1 1 1 1 1 0   1 1 1 0 0 0 0   1 1 1 1 0 1 1
0 1 0 1 0 0 0 0 | 1 1 1 1 1 1 0   1 1 1 1 1 1 1   1 1 1 1 1 1 0
0 1 0 1 0 0 0 1 | 1 1 1 1 1 1 0   1 1 1 1 1 1 1   0 1 1 0 0 0 0
0 1 0 1 0 0 1 0 | 1 1 1 1 1 1 0   1 1 1 1 1 1 1   1 1 0 1 1 0 1
0 1 0 1 0 0 1 1 | 1 1 1 1 1 1 0   1 1 1 1 1 1 1   1 1 1 1 0 0 1
0 1 0 1 0 1 0 0 | 1 1 1 1 1 1 0   1 1 1 1 1 1 1   0 1 1 0 0 1 1
0 1 0 1 0 1 0 1 | 1 1 1 1 1 1 0   1 1 1 1 1 1 1   1 0 1 1 0 1 1
0 1 0 1 0 1 1 0 | 1 1 1 1 1 1 0   1 1 1 1 1 1 1   1 0 1 1 1 1 1
0 1 0 1 0 1 1 1 | 1 1 1 1 1 1 0   1 1 1 1 1 1 1   1 1 1 0 0 0 0
0 1 0 1 1 0 0 0 | 1 1 1 1 1 1 0   1 1 1 1 1 1 1   1 1 1 1 1 1 1
0 1 0 1 1 0 0 1 | 1 1 1 1 1 1 0   1 1 1 1 1 1 1   1 1 1 1 0 1 1
0 1 0 1 1 0 1 0 | 1 1 1 1 1 1 0   1 1 1 1 0 1 1   1 1 1 1 1 1 0
0 1 0 1 1 0 1 1 | 1 1 1 1 1 1 0   1 1 1 1 0 1 1   0 1 1 0 0 0 0
0 1 0 1 1 1 0 0 | 1 1 1 1 1 1 0   1 1 1 1 0 1 1   1 1 0 1 1 0 1
0 1 0 1 1 1 0 1 | 1 1 1 1 1 1 0   1 1 1 1 0 1 1   1 1 1 1 0 0 1
0 1 0 1 1 1 1 0 | 1 1 1 1 1 1 0   1 1 1 1 0 1 1   0 1 1 0 0 1 1
0 1 0 1 1 1 1 1 | 1 1 1 1 1 1 0   1 1 1 1 0 1 1   1 0 1 1 0 1 1
0 1 1 0 0 0 0 0 | 1 1 1 1 1 1 0   1 1 1 1 0 1 1   1 0 1 1 1 1 1
0 1 1 0 0 0 0 1 | 1 1 1 1 1 1 0   1 1 1 1 0 1 1   1 1 1 0 0 0 0
0 1 1 0 0 0 1 0 | 1 1 1 1 1 1 0   1 1 1 1 0 1 1   1 1 1 1 1 1 1
0 1 1 0 0 0 1 1 | 1 1 1 1 1 1 0   1 1 1 1 0 1 1   1 1 1 1 0 1 1
0 1 1 0 0 1 0 0 | 0 1 1 0 0 0 0   1 1 1 1 1 1 0   1 1 1 1 1 1 0
0 1 1 0 0 1 0 1 | 0 1 1 0 0 0 0   1 1 1 1 1 1 0   0 1 1 0 0 0 0
0 1 1 0 0 1 1 0 | 0 1 1 0 0 0 0   1 1 1 1 1 1 0   1 1 0 1 1 0 1
0 1 1 0 0 1 1 1 | 0 1 1 0 0 0 0   1 1 1 1 1 1 0   1 1 1 1 0 0 1
0 1 1 0 1 0 0 0 | 0 1 1 0 0 0 0   1 1 1 1 1 1 0   0 1 1 0 0 1 1
0 1 1 0 1 0 0 1 | 0 1 1 0 0 0 0   1 1 1 1 1 1 0   1 0 1 1 0 1 1
0 1 1 0 1 0 1 0 | 0 1 1 0 0 0 0   1 1 1 1 1 1 0   1 0 1 1 1 1 1
0 1 1 0 1 0 1 1 | 0 1 1 0 0 0 0   1 1 1 1 1 1 0   1 1 1 0 0 0 0
0 1 1 0 1 1 0 0 | 0 1 1 0 0 0 0   1 1 1 1 1 1 0   1 1 1 1 1 1 1
0 1 1 0 1 1 0 1 | 0 1 1 0 0 0 0   1 1 1 1 1 1 0   1 1 1 1 0 1 1
0 1 1 0 1 1 1 0 | 0 1 1 0 0 0 0   0 1 1 0 0 0 0   1 1 1 1 1 1 0
0 1 1 0 1 1 1 1 | 0 1 1 0 0 0 0   0 1 1 0 0 0 0   0 1 1 0 0 0 0
0 1 1 1 0 0 0 0 | 0 1 1 0 0 0 0   0 1 1 0 0 0 0   1 1 0 1 1 0 1
0 1 1 1 0 0 0 1 | 0 1 1 0 0 0 0   0 1 1 0 0 0 0   1 1 1 1 0 0 1
0 1 1 1 0 0 1 0 | 0 1 1 0 0 0 0   0 1 1 0 0 0 0   0 1 1 0 0 1 1
0 1 1 1 0 0 1 1 | 0 1 1 0 0 0 0   0 1 1 0 0 0 0   1 0 1 1 0 1 1
0 1 1 1 0 1 0 0 | 0 1 1 0 0 0 0   0 1 1 0 0 0 0   1 0 1 1 1 1 1
0 1 1 1 0 1 0 1 | 0 1 1 0 0 0 0   0 1 1 0 0 0 0   1 1 1 0 0 0 0
0 1 1 1 0 1 1 0 | 0 1 1 0 0 0 0   0 1 1 0 0 0 0   1 1 1 1 1 1 1
0 1 1 1 0 1 1 1 | 0 1 1 0 0 0 0   0 1 1 0 0 0 0   1 1 1 1 0 1 1
0 1 1 1 1 0 0 0 | 0 1 1 0 0 0 0   1 1 0 1 1 0 1   1 1 1 1 1 1 0
0 1 1 1 1 0 0 1 | 0 1 1 0 0 0 0   1 1 0 1 1 0 1   0 1 1 0 0 0 0
0 1 1 1 1 0 1 0 | 0 1 1 0 0 0 0   1 1 0 1 1 0 1   1 1 0 1 1 0 1
0 1 1 1 1 0 1 1 | 0 1 1 0 0 0 0   1 1 0 1 1 0 1   1 1 1 1 0 0 1
0 1 1 1 1 1 0 0 | 0 1 1 0 0 0 0   1 1 0 1 1 0 1   0 1 1 0 0 1 1
0 1 1 1 1 1 0 1 | 0 1 1 0 0 0 0   1 1 0 1 1 0 1   1 0 1 1 0 1 1
0 1 1 1 1 1 1 0 | 0 1 1 0 0 0 0   1 1 0 1 1 0 1   1 0 1 1 1 1 1
0 1 1 1 1 1 1 1 | 0 1 1 0 0 0 0   1 1 0 1 1 0 1   1 1 1 0 0 0 0
1 0 0 0 0 0 0 0 | 0 1 1 0 0 0 0   1 1 0 1 1 0 1   1 1 1 1 1 1 1
1 0 0 0 0 0 0 1 | 0 1 1 0 0 0 0   1 1 0 1 1 0 1   1 1 1 1 0 1 1
1 0 0 0 0 0 1 0 | 0 1 1 0 0 0 0   1 1 1 1 0 0 1   1 1 1 1 1 1 0
1 0 0 0 0 0 1 1 | 0 1 1 0 0 0 0   1 1 1 1 0 0 1   0 1 1 0 0 0 0
1 0 0 0 0 1 0 0 | 0 1 1 0 0 0 0   1 1 1 1 0 0 1   1 1 0 1 1 0 1
1 0 0 0 0 1 0 1 | 0 1 1 0 0 0 0   1 1 1 1 0 0 1   1 1 1 1 0 0 1
1 0 0 0 0 1 1 0 | 0 1 1 0 0 0 0   1 1 1 1 0 0 1   0 1 1 0 0 1 1
1 0 0 0 0 1 1 1 | 0 1 1 0 0 0 0   1 1 1 1 0 0 1   1 0 1 1 0 1 1
1 0 0 0 1 0 0 0 | 0 1 1 0 0 0 0   1 1 1 1 0 0 1   1 0 1 1 1 1 1
1 0 0 0 1 0 0 1 | 0 1 1 0 0 0 0   1 1 1 1 0 0 1   1 1 1 0 0 0 0
1 0 0 0 1 0 1 0 | 0 1 1 0 0 0 0   1 1 1 1 0 0 1   1 1 1 1 1 1 1
1 0 0 0 1 0 1 1 | 0 1 1 0 0 0 0   1 1 1 1 0 0 1   1 1 1 1 0 1 1
1 0 0 0 1 1 0 0 | 0 1 1 0 0 0 0   0 1 1 0 0 1 1   1 1 1 1 1 1 0
1 0 0 0 1 1 0 1 | 0 1 1 0 0 0 0   0 1 1 0 0 1 1   0 1 1 0 0 0 0
1 0 0 0 1 1 1 0 | 0 1 1 0 0 0 0   0 1 1 0 0 1 1   1 1 0 1 1 0 1
1 0 0 0 1 1 1 1 | 0 1 1 0 0 0 0   0 1 1 0 0 1 1   1 1 1 1 0 0 1
1 0 0 1 0 0 0 0 | 0 1 1 0 0 0 0   0 1 1 0 0 1 1   0 1 1 0 0 1 1
1 0 0 1 0 0 0 1 | 0 1 1 0 0 0 0   0 1 1 0 0 1 1   1 0 1 1 0 1 1
1 0 0 1 0 0 1 0 | 0 1 1 0 0 0 0   0 1 1 0 0 1 1   1 0 1 1 1 1 1
1 0 0 1 0 0 1 1 | 0 1 1 0 0 0 0   0 1 1 0 0 1 1   1 1 1 0 0 0 0
1 0 0 1 0 1 0 0 | 0 1 1 0 0 0 0   0 1 1 0 0 1 1   1 1 1 1 1 1 1
1 0 0 1 0 1 0 1 | 0 1 1 0 0 0 0   0 1 1 0 0 1 1   1 1 1 1 0 1 1
1 0 0 1 0 1 1 0 | 0 1 1 0 0 0 0   1 0 1 1 0 1 1   1 1 1 1 1 1 0
1 0 0 1 0 1 1 1 | 0 1 1 0 0 0 0   1 0 1 1 0 1 1   0 1 1 0 0 0 0
1 0 0 1 1 0 0 0 | 0 1 1 0 0 0 0   1 0 1 1 0 1 1   1 1 0 1 1 0 1
1 0 0 1 1 0 0 1 | 0 1 1 0 0 0 0   1 0 1 1 0 1 1   1 1 1 1 0 0 1
1 0 0 1 1 0 1 0 | 0 1 1 0 0 0 0   1 0 1 1 0 1 1   0 1 1 0 0 1 1
1 0 0 1 1 0 1 1 | 0 1 1 0 0 0 0   1 0 1 1 0 1 1   1 0 1 1 0 1 1
1 0 0 1 1 1 0 0 | 0 1 1 0 0 0 0   1 0 1 1 0 1 1   1 0 1 1 1 1 1
1 0 0 1 1 1 0 1 | 0 1 1 0 0 0 0   1 0 1 1 0 1 1   1 1 1 0 0 0 0
1 0 0 1 1 1 1 0 | 0 1 1 0 0 0 0   1 0 1 1 0 1 1   1 1 1 1 1 1 1
1 0 0 1 1 1 1 1 | 0 1 1 0 0 0 0   1 0 1 1 0 1 1   1 1 1 1 0 1 1
1 0 1 0 0 0 0 0 | 0 1 1 0 0 0 0   1 0 1 1 1 1 1   1 1 1 1 1 1 0
1 0 1 0 0 0 0 1 | 0 1 1 0 0 0 0   1 0 1 1 1 1 1   0 1 1 0 0 0 0
1 0 1 0 0 0 1 0 | 0 1 1 0 0 0 0   1 0 1 1 1 1 1   1 1 0 1 1 0 1
1 0 1 0 0 0 1 1 | 0 1 1 0 0 0 0   1 0 1 1 1 1 1   1 1 1 1 0 0 1
1 0 1 0 0 1 0 0 | 0 1 1 0 0 0 0   1 0 1 1 1 1 1   0 1 1 0 0 1 1
1 0 1 0 0 1 0 1 | 0 1 1 0 0 0 0   1 0 1 1 1 1 1   1 0 1 1 0 1 1
1 0 1 0 0 1 1 0 | 0 1 1 0 0 0 0   1 0 1 1 1 1 1   1 0 1 1 1 1 1
1 0 1 0 0 1 1 1 | 0 1 1 0 0 0 0   1 0 1 1 1 1 1   1 1 1 0 0 0 0
1 0 1 0 1 0 0 0 | 0 1 1 0 0 0 0   1 0 1 1 1 1 1   1 1 1 1 1 1 1
1 0 1 0 1 0 0 1 | 0 1 1 0 0 0 0   1 0 1 1 1 1 1   1 1 1 1 0 1 1
1 0 1 0 1 0 1 0 | 0 1 1 0 0 0 0   1 1 1 0 0 0 0   1 1 1 1 1 1 0
1 0 1 0 1 0 1 1 | 0 1 1 0 0 0 0   1 1 1 0 0 0 0   0 1 1 0 0 0 0
1 0 1 0 1 1 0 0 | 0 1 1 0 0 0 0   1 1 1 0 0 0 0   1 1 0 1 1 0 1
1 0 1 0 1 1 0 1 | 0 1 1 0 0 0 0   1 1 1 0 0 0 0   1 1 1 1 0 0 1
1 0 1 0 1 1 1 0 | 0 1 1 0 0 0 0   1 1 1 0 0 0 0   0 1 1 0 0 1 1
1 0 1 0 1 1 1 1 | 0 1 1 0 0 0 0   1 1 1 0 0 0 0   1 0 1 1 0 1 1
1 0 1 1 0 0 0 0 | 0 1 1 0 0 0 0   1 1 1 0 0 0 0   1 0 1 1 1 1 1
1 0 1 1 0 0 0 1 | 0 1 1 0 0 0 0   1 1 1 0 0 0 0   1 1 1 0 0 0 0
1 0 1 1 0 0 1 0 | 0 1 1 0 0 0 0   1 1 1 0 0 0 0   1 1 1 1 1 1 1
1 0 1 1 0 0 1 1 | 0 1 1 0 0 0 0   1 1 1 0 0 0 0   1 1 1 1 0 1 1
1 0 1 1 0 1 0 0 | 0 1 1 0 0 0 0   1 1 1 1 1 1 1   1 1 1 1 1 1 0
1 0 1 1 0 1 0 1 | 0 1 1 0 0 0 0   1 1 1 1 1 1 1   0 1 1 0 0 0 0
1 0 1 1 0 1 1 0 | 0 1 1 0 0 0 0   1 1 1 1 1 1 1   1 1 0 1 1 0 1
1 0 1 1 0 1 1 1 | 0 1 1 0 0 0 0   1 1 1 1 1 1 1   1 1 1 1 0 0 1
1 0 1 1 1 0 0 0 | 0 1 1 0 0 0 0   1 1 1 1 1 1 1   0 1 1 0 0 1 1
1 0 1 1 1 0 0 1 | 0 1 1 0 0 0 0   1 1 1 1 1 1 1   1 0 1 1 0 1 1
1 0 1 1 1 0 1 0 | 0 1 1 0 0 0 0   1 1 1 1 1 1 1   1 0 1 1 1 1 1
1 0 1 1 1 0 1 1 | 0 1 1 0 0 0 0   1 1 1 1 1 1 1   1 1 1 0 0 0 0
1 0 1 1 1 1 0 0 | 0 1 1 0 0 0 0   1 1 1 1 1 1 1   1 1 1 1 1 1 1
1 0 1 1 1 1 0 1 | 0 1 1 0 0 0 0   1 1 1 1 1 1 1   1 1 1 1 0 1 1
1 0 1 1 1 1 1 0 | 0 1 1 0 0 0 0   1 1 1 1 0 1 1   1 1 1 1 1 1 0
1 0 1 1 1 1 1 1 | 0 1 1 0 0 0 0   1 1 1 1 0 1 1   0 1 1 0 0 0 0
1 1 0 0 0 0 0 0 | 0 1 1 0 0 0 0   1 1 1 1 0 1 1   1 1 0 1 1 0 1
1 1 0 0 0 0 0 1 | 0 1 1 0 0 0 0   1 1 1 1 0 1 1   1 1 1 1 0 0 1
1 1 0 0 0 0 1 0 | 0 1 1 0 0 0 0   1 1 1 1 0 1 1   0 1 1 0 0 1 1
1 1 0 0 0 0 1 1 | 0 1 1 0 0 0 0   1 1 1 1 0 1 1   1 0 1 1 0 1 1
1 1 0 0 0 1 0 0 | 0 1 1 0 0 0 0   1 1 1 1 0 1 1   1 0 1 1 1 1 1
1 1 0 0 0 1 0 1 | 0 1 1 0 0 0 0   1 1 1 1 0 1 1   1 1 1 0 0 0 0
1 1 0 0 0 1 1 0 | 0 1 1 0 0 0 0   1 1 1 1 0 1 1   1 1 1 1 1 1 1
1 1 0 0 0 1 1 1 | 0 1 1 0 0 0 0   1 1 1 1 0 1 1   1 1 1 1 0 1 1
1 1 0 0 1 0 0 0 | 1 1 0 1 1 0 1   1 1 1 1 1 1 0   1 1 1 1 1 1 0
1 1 0 0 1 0 0 1 | 1 1 0 1 1 0 1   1 1 1 1 1 1 0   0 1 1 0 0 0 0
1 1 0 0 1 0 1 0 | 1 1 0 1 1 0 1   1 1 1 1 1 1 0   1 1 0 1 1 0 1
1 1 0 0 1 0 1 1 | 1 1 0 1 1 0 1   1 1 1 1 1 1 0   1 1 1 1 0 0 1
1 1 0 0 1 1 0 0 | 1 1 0 1 1 0 1   1 1 1 1 1 1 0   0 1 1 0 0 1 1
1 1 0 0 1 1 0 1 | 1 1 0 1 1 0 1   1 1 1 1 1 1 0   1 0 1 1 0 1 1
1 1 0 0 1 1 1 0 | 1 1 0 1 1 0 1   1 1 1 1 1 1 0   1 0 1 1 1 1 1
1 1 0 0 1 1 1 1 | 1 1 0 1 1 0 1   1 1 1 1 1 1 0   1 1 1 0 0 0 0
1 1 0 1 0 0 0 0 | 1 1 0 1 1 0 1   1 1 1 1 1 1 0   1 1 1 1 1 1 1
1 1 0 1 0 0 0 1 | 1 1 0 1 1 0 1   1 1 1 1 1 1 0   1 1 1 1 0 1 1
1 1 0 1 0 0 1 0 | 1 1 0 1 1 0 1   0 1 1 0 0 0 0   1 1 1 1 1 1 0
1 1 0 1 0 0 1 1 | 1 1 0 1 1 0 1   0 1 1 0 0 0 0   0 1 1 0 0 0 0
1 1 0 1 0 1 0 0 | 1 1 0 1 1 0 1   0 1 1 0 0 0 0   1 1 0 1 1 0 1
1 1 0 1 0 1 0 1 | 1 1 0 1 1 0 1   0 1 1 0 0 0 0   1 1 1 1 0 0 1
1 1 0 1 0 1 1 0 | 1 1 0 1 1 0 1   0 1 1 0 0 0 0   0 1 1 0 0 1 1
1 1 0 1 0 1 1 1 | 1 1 0 1 1 0 1   0 1 1 0 0 0 0   1 0 1 1 0 1 1
1 1 0 1 1 0 0 0 | 1 1 0 1 1 0 1   0 1 1 0 0 0 0   1 0 1 1 1 1 1
1 1 0 1 1 0 0 1 | 1 1 0 1 1 0 1   0 1 1 0 0 0 0   1 1 1 0 0 0 0
1 1 0 1 1 0 1 0 | 1 1 0 1 1 0 1   0 1 1 0 0 0 0   1 1 1 1 1 1 1
1 1 0 1 1 0 1 1 | 1 1 0 1 1 0 1   0 1 1 0 0 0 0   1 1 1 1 0 1 1
1 1 0 1 1 1 0 0 | 1 1 0 1 1 0 1   1 1 0 1 1 0 1   1 1 1 1 1 1 0
1 1 0 1 1 1 0 1 | 1 1 0 1 1 0 1   1 1 0 1 1 0 1   0 1 1 0 0 0 0
1 1 0 1 1 1 1 0 | 1 1 0 1 1 0 1   1 1 0 1 1 0 1   1 1 0 1 1 0 1
1 1 0 1 1 1 1 1 | 1 1 0 1 1 0 1   1 1 0 1 1 0 1   1 1 1 1 0 0 1
1 1 1 0 0 0 0 0 | 1 1 0 1 1 0 1   1 1 0 1 1 0 1   0 1 1 0 0 1 1
1 1 1 0 0 0 0 1 | 1 1 0 1 1 0 1   1 1 0 1 1 0 1   1 0 1 1 0 1 1
1 1 1 0 0 0 1 0 | 1 1 0 1 1 0 1   1 1 0 1 1 0 1   1 0 1 1 1 1 1
1 1 1 0 0 0 1 1 | 1 1 0 1 1 0 1   1 1 0 1 1 0 1   1 1 1 0 0 0 0
1 1 1 0 0 1 0 0 | 1 1 0 1 1 0 1   1 1 0 1 1 0 1   1 1 1 1 1 1 1
1 1 1 0 0 1 0 1 | 1 1 0 1 1 0 1   1 1 0 1 1 0 1   1 1 1 1 0 1 1
1 1 1 0 0 1 1 0 | 1 1 0 1 1 0 1   1 1 1 1 0 0 1   1 1 1 1 1 1 0
1 1 1 0 0 1 1 1 | 1 1 0 1 1 0 1   1 1 1 1 0 0 1   0 1 1 0 0 0 0
1 1 1 0 1 0 0 0 | 1 1 0 1 1 0 1   1 1 1 1 0 0 1   1 1 0 1 1 0 1
1 1 1 0 1 0 0 1 | 1 1 0 1 1 0 1   1 1 1 1 0 0 1   1 1 1 1 0 0 1
1 1 1 0 1 0 1 0 | 1 1 0 1 1 0 1   1 1 1 1 0 0 1   0 1 1 0 0 1 1
1 1 1 0 1 0 1 1 | 1 1 0 1 1 0 1   1 1 1 1 0 0 1   1 0 1 1 0 1 1
1 1 1 0 1 1 0 0 | 1 1 0 1 1 0 1   1 1 1 1 0 0 1   1 0 1 1 1 1 1
1 1 1 0 1 1 0 1 | 1 1 0 1 1 0 1   1 1 1 1 0 0 1   1 1 1 0 0 0 0
1 1 1 0 1 1 1 0 | 1 1 0 1 1 0 1   1 1 1 1 0 0 1   1 1 1 1 1 1 1
1 1 1 0 1 1 1 1 | 1 1 0 1 1 0 1   1 1 1 1 0 0 1   1 1 1 1 0 1 1
1 1 1 1 0 0 0 0 | 1 1 0 1 1 0 1   0 1 1 0 0 1 1   1 1 1 1 1 1 0
1 1 1 1 0 0 0 1 | 1 1 0 1 1 0 1   0 1 1 0 0 1 1   0 1 1 0 0 0 0
1 1 1 1 0 0 1 0 | 1 1 0 1 1 0 1   0 1 1 0 0 1 1   1 1 0 1 1 0 1
1 1 1 1 0 0 1 1 | 1 1 0 1 1 0 1   0 1 1 0 0 1 1   1 1 1 1 0 0 1
1 1 1 1 0 1 0 0 | 1 1 0 1 1 0 1   0 1 1 0 0 1 1   0 1 1 0 0 1 1
1 1 1 1 0 1 0 1 | 1 1 0 1 1 0 1   0 1 1 0 0 1 1   1 0 1 1 0 1 1
1 1 1 1 0 1 1 0 | 1 1 0 1 1 0 1   0 1 1 0 0 1 1   1 0 1 1 1 1 1
1 1 1 1 0 1 1 1 | 1 1 0 1 1 0 1   0 1 1 0 0 1 1   1 1 1 0 0 0 0
1 1 1 1 1 0 0 0 | 1 1 0 1 1 0 1   0 1 1 0 0 1 1   1 1 1 1 1 1 1
1 1 1 1 1 0 0 1 | 1 1 0 1 1 0 1   0 1 1 0 0 1 1   1 1 1 1 0 1 1
1 1 1 1 1 0 1 0 | 1 1 0 1 1 0 1   1 0 1 1 0 1 1   1 1 1 1 1 1 0
1 1 1 1 1 0 1 1 | 1 1 0 1 1 0 1   1 0 1 1 0 1 1   0 1 1 0 0 0 0
1 1 1 1 1 1 0 0 | 1 1 0 1 1 0 1   1 0 1 1 0 1 1   1 1 0 1 1 0 1
1 1 1 1 1 1 0 1 | 1 1 0 1 1 0 1   1 0 1 1 0 1 1   1 1 1 1 0 0 1
1 1 1 1 1 1 1 0 | 1 1 0 1 1 0 1   1 0 1 1 0 1 1   0 1 1 0 0 1 1
1 1 1 1 1 1 1 1 | 1 1 0 1 1 0 1   1 0 1 1 0 1 1   1 0 1 1 0 1 1









Truth table for 1 byte to 3x 7 segment display (common anode)

   byte input   |               :  7 segments   :              
                |     (100)     :     (10)      :      (1)     
8 7 6 5 4 3 2 1 | a b c d e f g : a b c d e f g : a b c d e f b
----------------+---------------=---------------=--------------
0 0 0 0 0 0 0 0 | 0 0 0 0 0 0 1   0 0 0 0 0 0 1   0 0 0 0 0 0 1
0 0 0 0 0 0 0 1 | 0 0 0 0 0 0 1   0 0 0 0 0 0 1   1 0 0 1 1 1 1
0 0 0 0 0 0 1 0 | 0 0 0 0 0 0 1   0 0 0 0 0 0 1   0 0 1 0 0 1 0
0 0 0 0 0 0 1 1 | 0 0 0 0 0 0 1   0 0 0 0 0 0 1   0 0 0 0 1 1 0
0 0 0 0 0 1 0 0 | 0 0 0 0 0 0 1   0 0 0 0 0 0 1   1 0 0 1 1 0 0
0 0 0 0 0 1 0 1 | 0 0 0 0 0 0 1   0 0 0 0 0 0 1   0 1 0 0 1 0 0
0 0 0 0 0 1 1 0 | 0 0 0 0 0 0 1   0 0 0 0 0 0 1   0 1 0 0 0 0 0
0 0 0 0 0 1 1 1 | 0 0 0 0 0 0 1   0 0 0 0 0 0 1   0 0 0 1 1 1 1
0 0 0 0 1 0 0 0 | 0 0 0 0 0 0 1   0 0 0 0 0 0 1   0 0 0 0 0 0 0
0 0 0 0 1 0 0 1 | 0 0 0 0 0 0 1   0 0 0 0 0 0 1   0 0 0 0 1 0 0
0 0 0 0 1 0 1 0 | 0 0 0 0 0 0 1   1 0 0 1 1 1 1   0 0 0 0 0 0 1
0 0 0 0 1 0 1 1 | 0 0 0 0 0 0 1   1 0 0 1 1 1 1   1 0 0 1 1 1 1
0 0 0 0 1 1 0 0 | 0 0 0 0 0 0 1   1 0 0 1 1 1 1   0 0 1 0 0 1 0
0 0 0 0 1 1 0 1 | 0 0 0 0 0 0 1   1 0 0 1 1 1 1   0 0 0 0 1 1 0
0 0 0 0 1 1 1 0 | 0 0 0 0 0 0 1   1 0 0 1 1 1 1   1 0 0 1 1 0 0
0 0 0 0 1 1 1 1 | 0 0 0 0 0 0 1   1 0 0 1 1 1 1   0 1 0 0 1 0 0
0 0 0 1 0 0 0 0 | 0 0 0 0 0 0 1   1 0 0 1 1 1 1   0 1 0 0 0 0 0
0 0 0 1 0 0 0 1 | 0 0 0 0 0 0 1   1 0 0 1 1 1 1   0 0 0 1 1 1 1
0 0 0 1 0 0 1 0 | 0 0 0 0 0 0 1   1 0 0 1 1 1 1   0 0 0 0 0 0 0
0 0 0 1 0 0 1 1 | 0 0 0 0 0 0 1   1 0 0 1 1 1 1   0 0 0 0 1 0 0
0 0 0 1 0 1 0 0 | 0 0 0 0 0 0 1   0 0 1 0 0 1 0   0 0 0 0 0 0 1
0 0 0 1 0 1 0 1 | 0 0 0 0 0 0 1   0 0 1 0 0 1 0   1 0 0 1 1 1 1
0 0 0 1 0 1 1 0 | 0 0 0 0 0 0 1   0 0 1 0 0 1 0   0 0 1 0 0 1 0
0 0 0 1 0 1 1 1 | 0 0 0 0 0 0 1   0 0 1 0 0 1 0   0 0 0 0 1 1 0
0 0 0 1 1 0 0 0 | 0 0 0 0 0 0 1   0 0 1 0 0 1 0   1 0 0 1 1 0 0
0 0 0 1 1 0 0 1 | 0 0 0 0 0 0 1   0 0 1 0 0 1 0   0 1 0 0 1 0 0
0 0 0 1 1 0 1 0 | 0 0 0 0 0 0 1   0 0 1 0 0 1 0   0 1 0 0 0 0 0
0 0 0 1 1 0 1 1 | 0 0 0 0 0 0 1   0 0 1 0 0 1 0   0 0 0 1 1 1 1
0 0 0 1 1 1 0 0 | 0 0 0 0 0 0 1   0 0 1 0 0 1 0   0 0 0 0 0 0 0
0 0 0 1 1 1 0 1 | 0 0 0 0 0 0 1   0 0 1 0 0 1 0   0 0 0 0 1 0 0
0 0 0 1 1 1 1 0 | 0 0 0 0 0 0 1   0 0 0 0 1 1 0   0 0 0 0 0 0 1
0 0 0 1 1 1 1 1 | 0 0 0 0 0 0 1   0 0 0 0 1 1 0   1 0 0 1 1 1 1
0 0 1 0 0 0 0 0 | 0 0 0 0 0 0 1   0 0 0 0 1 1 0   0 0 1 0 0 1 0
0 0 1 0 0 0 0 1 | 0 0 0 0 0 0 1   0 0 0 0 1 1 0   0 0 0 0 1 1 0
0 0 1 0 0 0 1 0 | 0 0 0 0 0 0 1   0 0 0 0 1 1 0   1 0 0 1 1 0 0
0 0 1 0 0 0 1 1 | 0 0 0 0 0 0 1   0 0 0 0 1 1 0   0 1 0 0 1 0 0
0 0 1 0 0 1 0 0 | 0 0 0 0 0 0 1   0 0 0 0 1 1 0   0 1 0 0 0 0 0
0 0 1 0 0 1 0 1 | 0 0 0 0 0 0 1   0 0 0 0 1 1 0   0 0 0 1 1 1 1
0 0 1 0 0 1 1 0 | 0 0 0 0 0 0 1   0 0 0 0 1 1 0   0 0 0 0 0 0 0
0 0 1 0 0 1 1 1 | 0 0 0 0 0 0 1   0 0 0 0 1 1 0   0 0 0 0 1 0 0
0 0 1 0 1 0 0 0 | 0 0 0 0 0 0 1   1 0 0 1 1 0 0   0 0 0 0 0 0 1
0 0 1 0 1 0 0 1 | 0 0 0 0 0 0 1   1 0 0 1 1 0 0   1 0 0 1 1 1 1
0 0 1 0 1 0 1 0 | 0 0 0 0 0 0 1   1 0 0 1 1 0 0   0 0 1 0 0 1 0
0 0 1 0 1 0 1 1 | 0 0 0 0 0 0 1   1 0 0 1 1 0 0   0 0 0 0 1 1 0
0 0 1 0 1 1 0 0 | 0 0 0 0 0 0 1   1 0 0 1 1 0 0   1 0 0 1 1 0 0
0 0 1 0 1 1 0 1 | 0 0 0 0 0 0 1   1 0 0 1 1 0 0   0 1 0 0 1 0 0
0 0 1 0 1 1 1 0 | 0 0 0 0 0 0 1   1 0 0 1 1 0 0   0 1 0 0 0 0 0
0 0 1 0 1 1 1 1 | 0 0 0 0 0 0 1   1 0 0 1 1 0 0   0 0 0 1 1 1 1
0 0 1 1 0 0 0 0 | 0 0 0 0 0 0 1   1 0 0 1 1 0 0   0 0 0 0 0 0 0
0 0 1 1 0 0 0 1 | 0 0 0 0 0 0 1   1 0 0 1 1 0 0   0 0 0 0 1 0 0
0 0 1 1 0 0 1 0 | 0 0 0 0 0 0 1   0 1 0 0 1 0 0   0 0 0 0 0 0 1
0 0 1 1 0 0 1 1 | 0 0 0 0 0 0 1   0 1 0 0 1 0 0   1 0 0 1 1 1 1
0 0 1 1 0 1 0 0 | 0 0 0 0 0 0 1   0 1 0 0 1 0 0   0 0 1 0 0 1 0
0 0 1 1 0 1 0 1 | 0 0 0 0 0 0 1   0 1 0 0 1 0 0   0 0 0 0 1 1 0
0 0 1 1 0 1 1 0 | 0 0 0 0 0 0 1   0 1 0 0 1 0 0   1 0 0 1 1 0 0
0 0 1 1 0 1 1 1 | 0 0 0 0 0 0 1   0 1 0 0 1 0 0   0 1 0 0 1 0 0
0 0 1 1 1 0 0 0 | 0 0 0 0 0 0 1   0 1 0 0 1 0 0   0 1 0 0 0 0 0
0 0 1 1 1 0 0 1 | 0 0 0 0 0 0 1   0 1 0 0 1 0 0   0 0 0 1 1 1 1
0 0 1 1 1 0 1 0 | 0 0 0 0 0 0 1   0 1 0 0 1 0 0   0 0 0 0 0 0 0
0 0 1 1 1 0 1 1 | 0 0 0 0 0 0 1   0 1 0 0 1 0 0   0 0 0 0 1 0 0
0 0 1 1 1 1 0 0 | 0 0 0 0 0 0 1   0 1 0 0 0 0 0   0 0 0 0 0 0 1
0 0 1 1 1 1 0 1 | 0 0 0 0 0 0 1   0 1 0 0 0 0 0   1 0 0 1 1 1 1
0 0 1 1 1 1 1 0 | 0 0 0 0 0 0 1   0 1 0 0 0 0 0   0 0 1 0 0 1 0
0 0 1 1 1 1 1 1 | 0 0 0 0 0 0 1   0 1 0 0 0 0 0   0 0 0 0 1 1 0
0 1 0 0 0 0 0 0 | 0 0 0 0 0 0 1   0 1 0 0 0 0 0   1 0 0 1 1 0 0
0 1 0 0 0 0 0 1 | 0 0 0 0 0 0 1   0 1 0 0 0 0 0   0 1 0 0 1 0 0
0 1 0 0 0 0 1 0 | 0 0 0 0 0 0 1   0 1 0 0 0 0 0   0 1 0 0 0 0 0
0 1 0 0 0 0 1 1 | 0 0 0 0 0 0 1   0 1 0 0 0 0 0   0 0 0 1 1 1 1
0 1 0 0 0 1 0 0 | 0 0 0 0 0 0 1   0 1 0 0 0 0 0   0 0 0 0 0 0 0
0 1 0 0 0 1 0 1 | 0 0 0 0 0 0 1   0 1 0 0 0 0 0   0 0 0 0 1 0 0
0 1 0 0 0 1 1 0 | 0 0 0 0 0 0 1   0 0 0 1 1 1 1   0 0 0 0 0 0 1
0 1 0 0 0 1 1 1 | 0 0 0 0 0 0 1   0 0 0 1 1 1 1   1 0 0 1 1 1 1
0 1 0 0 1 0 0 0 | 0 0 0 0 0 0 1   0 0 0 1 1 1 1   0 0 1 0 0 1 0
0 1 0 0 1 0 0 1 | 0 0 0 0 0 0 1   0 0 0 1 1 1 1   0 0 0 0 1 1 0
0 1 0 0 1 0 1 0 | 0 0 0 0 0 0 1   0 0 0 1 1 1 1   1 0 0 1 1 0 0
0 1 0 0 1 0 1 1 | 0 0 0 0 0 0 1   0 0 0 1 1 1 1   0 1 0 0 1 0 0
0 1 0 0 1 1 0 0 | 0 0 0 0 0 0 1   0 0 0 1 1 1 1   0 1 0 0 0 0 0
0 1 0 0 1 1 0 1 | 0 0 0 0 0 0 1   0 0 0 1 1 1 1   0 0 0 1 1 1 1
0 1 0 0 1 1 1 0 | 0 0 0 0 0 0 1   0 0 0 1 1 1 1   0 0 0 0 0 0 0
0 1 0 0 1 1 1 1 | 0 0 0 0 0 0 1   0 0 0 1 1 1 1   0 0 0 0 1 0 0
0 1 0 1 0 0 0 0 | 0 0 0 0 0 0 1   0 0 0 0 0 0 0   0 0 0 0 0 0 1
0 1 0 1 0 0 0 1 | 0 0 0 0 0 0 1   0 0 0 0 0 0 0   1 0 0 1 1 1 1
0 1 0 1 0 0 1 0 | 0 0 0 0 0 0 1   0 0 0 0 0 0 0   0 0 1 0 0 1 0
0 1 0 1 0 0 1 1 | 0 0 0 0 0 0 1   0 0 0 0 0 0 0   0 0 0 0 1 1 0
0 1 0 1 0 1 0 0 | 0 0 0 0 0 0 1   0 0 0 0 0 0 0   1 0 0 1 1 0 0
0 1 0 1 0 1 0 1 | 0 0 0 0 0 0 1   0 0 0 0 0 0 0   0 1 0 0 1 0 0
0 1 0 1 0 1 1 0 | 0 0 0 0 0 0 1   0 0 0 0 0 0 0   0 1 0 0 0 0 0
0 1 0 1 0 1 1 1 | 0 0 0 0 0 0 1   0 0 0 0 0 0 0   0 0 0 1 1 1 1
0 1 0 1 1 0 0 0 | 0 0 0 0 0 0 1   0 0 0 0 0 0 0   0 0 0 0 0 0 0
0 1 0 1 1 0 0 1 | 0 0 0 0 0 0 1   0 0 0 0 0 0 0   0 0 0 0 1 0 0
0 1 0 1 1 0 1 0 | 0 0 0 0 0 0 1   0 0 0 0 1 0 0   0 0 0 0 0 0 1
0 1 0 1 1 0 1 1 | 0 0 0 0 0 0 1   0 0 0 0 1 0 0   1 0 0 1 1 1 1
0 1 0 1 1 1 0 0 | 0 0 0 0 0 0 1   0 0 0 0 1 0 0   0 0 1 0 0 1 0
0 1 0 1 1 1 0 1 | 0 0 0 0 0 0 1   0 0 0 0 1 0 0   0 0 0 0 1 1 0
0 1 0 1 1 1 1 0 | 0 0 0 0 0 0 1   0 0 0 0 1 0 0   1 0 0 1 1 0 0
0 1 0 1 1 1 1 1 | 0 0 0 0 0 0 1   0 0 0 0 1 0 0   0 1 0 0 1 0 0
0 1 1 0 0 0 0 0 | 0 0 0 0 0 0 1   0 0 0 0 1 0 0   0 1 0 0 0 0 0
0 1 1 0 0 0 0 1 | 0 0 0 0 0 0 1   0 0 0 0 1 0 0   0 0 0 1 1 1 1
0 1 1 0 0 0 1 0 | 0 0 0 0 0 0 1   0 0 0 0 1 0 0   0 0 0 0 0 0 0
0 1 1 0 0 0 1 1 | 0 0 0 0 0 0 1   0 0 0 0 1 0 0   0 0 0 0 1 0 0
0 1 1 0 0 1 0 0 | 1 0 0 1 1 1 1   0 0 0 0 0 0 1   0 0 0 0 0 0 1
0 1 1 0 0 1 0 1 | 1 0 0 1 1 1 1   0 0 0 0 0 0 1   1 0 0 1 1 1 1
0 1 1 0 0 1 1 0 | 1 0 0 1 1 1 1   0 0 0 0 0 0 1   0 0 1 0 0 1 0
0 1 1 0 0 1 1 1 | 1 0 0 1 1 1 1   0 0 0 0 0 0 1   0 0 0 0 1 1 0
0 1 1 0 1 0 0 0 | 1 0 0 1 1 1 1   0 0 0 0 0 0 1   1 0 0 1 1 0 0
0 1 1 0 1 0 0 1 | 1 0 0 1 1 1 1   0 0 0 0 0 0 1   0 1 0 0 1 0 0
0 1 1 0 1 0 1 0 | 1 0 0 1 1 1 1   0 0 0 0 0 0 1   0 1 0 0 0 0 0
0 1 1 0 1 0 1 1 | 1 0 0 1 1 1 1   0 0 0 0 0 0 1   0 0 0 1 1 1 1
0 1 1 0 1 1 0 0 | 1 0 0 1 1 1 1   0 0 0 0 0 0 1   0 0 0 0 0 0 0
0 1 1 0 1 1 0 1 | 1 0 0 1 1 1 1   0 0 0 0 0 0 1   0 0 0 0 1 0 0
0 1 1 0 1 1 1 0 | 1 0 0 1 1 1 1   1 0 0 1 1 1 1   0 0 0 0 0 0 1
0 1 1 0 1 1 1 1 | 1 0 0 1 1 1 1   1 0 0 1 1 1 1   1 0 0 1 1 1 1
0 1 1 1 0 0 0 0 | 1 0 0 1 1 1 1   1 0 0 1 1 1 1   0 0 1 0 0 1 0
0 1 1 1 0 0 0 1 | 1 0 0 1 1 1 1   1 0 0 1 1 1 1   0 0 0 0 1 1 0
0 1 1 1 0 0 1 0 | 1 0 0 1 1 1 1   1 0 0 1 1 1 1   1 0 0 1 1 0 0
0 1 1 1 0 0 1 1 | 1 0 0 1 1 1 1   1 0 0 1 1 1 1   0 1 0 0 1 0 0
0 1 1 1 0 1 0 0 | 1 0 0 1 1 1 1   1 0 0 1 1 1 1   0 1 0 0 0 0 0
0 1 1 1 0 1 0 1 | 1 0 0 1 1 1 1   1 0 0 1 1 1 1   0 0 0 1 1 1 1
0 1 1 1 0 1 1 0 | 1 0 0 1 1 1 1   1 0 0 1 1 1 1   0 0 0 0 0 0 0
0 1 1 1 0 1 1 1 | 1 0 0 1 1 1 1   1 0 0 1 1 1 1   0 0 0 0 1 0 0
0 1 1 1 1 0 0 0 | 1 0 0 1 1 1 1   0 0 1 0 0 1 0   0 0 0 0 0 0 1
0 1 1 1 1 0 0 1 | 1 0 0 1 1 1 1   0 0 1 0 0 1 0   1 0 0 1 1 1 1
0 1 1 1 1 0 1 0 | 1 0 0 1 1 1 1   0 0 1 0 0 1 0   0 0 1 0 0 1 0
0 1 1 1 1 0 1 1 | 1 0 0 1 1 1 1   0 0 1 0 0 1 0   0 0 0 0 1 1 0
0 1 1 1 1 1 0 0 | 1 0 0 1 1 1 1   0 0 1 0 0 1 0   1 0 0 1 1 0 0
0 1 1 1 1 1 0 1 | 1 0 0 1 1 1 1   0 0 1 0 0 1 0   0 1 0 0 1 0 0
0 1 1 1 1 1 1 0 | 1 0 0 1 1 1 1   0 0 1 0 0 1 0   0 1 0 0 0 0 0
0 1 1 1 1 1 1 1 | 1 0 0 1 1 1 1   0 0 1 0 0 1 0   0 0 0 1 1 1 1
1 0 0 0 0 0 0 0 | 1 0 0 1 1 1 1   0 0 1 0 0 1 0   0 0 0 0 0 0 0
1 0 0 0 0 0 0 1 | 1 0 0 1 1 1 1   0 0 1 0 0 1 0   0 0 0 0 1 0 0
1 0 0 0 0 0 1 0 | 1 0 0 1 1 1 1   0 0 0 0 1 1 0   0 0 0 0 0 0 1
1 0 0 0 0 0 1 1 | 1 0 0 1 1 1 1   0 0 0 0 1 1 0   1 0 0 1 1 1 1
1 0 0 0 0 1 0 0 | 1 0 0 1 1 1 1   0 0 0 0 1 1 0   0 0 1 0 0 1 0
1 0 0 0 0 1 0 1 | 1 0 0 1 1 1 1   0 0 0 0 1 1 0   0 0 0 0 1 1 0
1 0 0 0 0 1 1 0 | 1 0 0 1 1 1 1   0 0 0 0 1 1 0   1 0 0 1 1 0 0
1 0 0 0 0 1 1 1 | 1 0 0 1 1 1 1   0 0 0 0 1 1 0   0 1 0 0 1 0 0
1 0 0 0 1 0 0 0 | 1 0 0 1 1 1 1   0 0 0 0 1 1 0   0 1 0 0 0 0 0
1 0 0 0 1 0 0 1 | 1 0 0 1 1 1 1   0 0 0 0 1 1 0   0 0 0 1 1 1 1
1 0 0 0 1 0 1 0 | 1 0 0 1 1 1 1   0 0 0 0 1 1 0   0 0 0 0 0 0 0
1 0 0 0 1 0 1 1 | 1 0 0 1 1 1 1   0 0 0 0 1 1 0   0 0 0 0 1 0 0
1 0 0 0 1 1 0 0 | 1 0 0 1 1 1 1   1 0 0 1 1 0 0   0 0 0 0 0 0 1
1 0 0 0 1 1 0 1 | 1 0 0 1 1 1 1   1 0 0 1 1 0 0   1 0 0 1 1 1 1
1 0 0 0 1 1 1 0 | 1 0 0 1 1 1 1   1 0 0 1 1 0 0   0 0 1 0 0 1 0
1 0 0 0 1 1 1 1 | 1 0 0 1 1 1 1   1 0 0 1 1 0 0   0 0 0 0 1 1 0
1 0 0 1 0 0 0 0 | 1 0 0 1 1 1 1   1 0 0 1 1 0 0   1 0 0 1 1 0 0
1 0 0 1 0 0 0 1 | 1 0 0 1 1 1 1   1 0 0 1 1 0 0   0 1 0 0 1 0 0
1 0 0 1 0 0 1 0 | 1 0 0 1 1 1 1   1 0 0 1 1 0 0   0 1 0 0 0 0 0
1 0 0 1 0 0 1 1 | 1 0 0 1 1 1 1   1 0 0 1 1 0 0   0 0 0 1 1 1 1
1 0 0 1 0 1 0 0 | 1 0 0 1 1 1 1   1 0 0 1 1 0 0   0 0 0 0 0 0 0
1 0 0 1 0 1 0 1 | 1 0 0 1 1 1 1   1 0 0 1 1 0 0   0 0 0 0 1 0 0
1 0 0 1 0 1 1 0 | 1 0 0 1 1 1 1   0 1 0 0 1 0 0   0 0 0 0 0 0 1
1 0 0 1 0 1 1 1 | 1 0 0 1 1 1 1   0 1 0 0 1 0 0   1 0 0 1 1 1 1
1 0 0 1 1 0 0 0 | 1 0 0 1 1 1 1   0 1 0 0 1 0 0   0 0 1 0 0 1 0
1 0 0 1 1 0 0 1 | 1 0 0 1 1 1 1   0 1 0 0 1 0 0   0 0 0 0 1 1 0
1 0 0 1 1 0 1 0 | 1 0 0 1 1 1 1   0 1 0 0 1 0 0   1 0 0 1 1 0 0
1 0 0 1 1 0 1 1 | 1 0 0 1 1 1 1   0 1 0 0 1 0 0   0 1 0 0 1 0 0
1 0 0 1 1 1 0 0 | 1 0 0 1 1 1 1   0 1 0 0 1 0 0   0 1 0 0 0 0 0
1 0 0 1 1 1 0 1 | 1 0 0 1 1 1 1   0 1 0 0 1 0 0   0 0 0 1 1 1 1
1 0 0 1 1 1 1 0 | 1 0 0 1 1 1 1   0 1 0 0 1 0 0   0 0 0 0 0 0 0
1 0 0 1 1 1 1 1 | 1 0 0 1 1 1 1   0 1 0 0 1 0 0   0 0 0 0 1 0 0
1 0 1 0 0 0 0 0 | 1 0 0 1 1 1 1   0 1 0 0 0 0 0   0 0 0 0 0 0 1
1 0 1 0 0 0 0 1 | 1 0 0 1 1 1 1   0 1 0 0 0 0 0   1 0 0 1 1 1 1
1 0 1 0 0 0 1 0 | 1 0 0 1 1 1 1   0 1 0 0 0 0 0   0 0 1 0 0 1 0
1 0 1 0 0 0 1 1 | 1 0 0 1 1 1 1   0 1 0 0 0 0 0   0 0 0 0 1 1 0
1 0 1 0 0 1 0 0 | 1 0 0 1 1 1 1   0 1 0 0 0 0 0   1 0 0 1 1 0 0
1 0 1 0 0 1 0 1 | 1 0 0 1 1 1 1   0 1 0 0 0 0 0   0 1 0 0 1 0 0
1 0 1 0 0 1 1 0 | 1 0 0 1 1 1 1   0 1 0 0 0 0 0   0 1 0 0 0 0 0
1 0 1 0 0 1 1 1 | 1 0 0 1 1 1 1   0 1 0 0 0 0 0   0 0 0 1 1 1 1
1 0 1 0 1 0 0 0 | 1 0 0 1 1 1 1   0 1 0 0 0 0 0   0 0 0 0 0 0 0
1 0 1 0 1 0 0 1 | 1 0 0 1 1 1 1   0 1 0 0 0 0 0   0 0 0 0 1 0 0
1 0 1 0 1 0 1 0 | 1 0 0 1 1 1 1   0 0 0 1 1 1 1   0 0 0 0 0 0 1
1 0 1 0 1 0 1 1 | 1 0 0 1 1 1 1   0 0 0 1 1 1 1   1 0 0 1 1 1 1
1 0 1 0 1 1 0 0 | 1 0 0 1 1 1 1   0 0 0 1 1 1 1   0 0 1 0 0 1 0
1 0 1 0 1 1 0 1 | 1 0 0 1 1 1 1   0 0 0 1 1 1 1   0 0 0 0 1 1 0
1 0 1 0 1 1 1 0 | 1 0 0 1 1 1 1   0 0 0 1 1 1 1   1 0 0 1 1 0 0
1 0 1 0 1 1 1 1 | 1 0 0 1 1 1 1   0 0 0 1 1 1 1   0 1 0 0 1 0 0
1 0 1 1 0 0 0 0 | 1 0 0 1 1 1 1   0 0 0 1 1 1 1   0 1 0 0 0 0 0
1 0 1 1 0 0 0 1 | 1 0 0 1 1 1 1   0 0 0 1 1 1 1   0 0 0 1 1 1 1
1 0 1 1 0 0 1 0 | 1 0 0 1 1 1 1   0 0 0 1 1 1 1   0 0 0 0 0 0 0
1 0 1 1 0 0 1 1 | 1 0 0 1 1 1 1   0 0 0 1 1 1 1   0 0 0 0 1 0 0
1 0 1 1 0 1 0 0 | 1 0 0 1 1 1 1   0 0 0 0 0 0 0   0 0 0 0 0 0 1
1 0 1 1 0 1 0 1 | 1 0 0 1 1 1 1   0 0 0 0 0 0 0   1 0 0 1 1 1 1
1 0 1 1 0 1 1 0 | 1 0 0 1 1 1 1   0 0 0 0 0 0 0   0 0 1 0 0 1 0
1 0 1 1 0 1 1 1 | 1 0 0 1 1 1 1   0 0 0 0 0 0 0   0 0 0 0 1 1 0
1 0 1 1 1 0 0 0 | 1 0 0 1 1 1 1   0 0 0 0 0 0 0   1 0 0 1 1 0 0
1 0 1 1 1 0 0 1 | 1 0 0 1 1 1 1   0 0 0 0 0 0 0   0 1 0 0 1 0 0
1 0 1 1 1 0 1 0 | 1 0 0 1 1 1 1   0 0 0 0 0 0 0   0 1 0 0 0 0 0
1 0 1 1 1 0 1 1 | 1 0 0 1 1 1 1   0 0 0 0 0 0 0   0 0 0 1 1 1 1
1 0 1 1 1 1 0 0 | 1 0 0 1 1 1 1   0 0 0 0 0 0 0   0 0 0 0 0 0 0
1 0 1 1 1 1 0 1 | 1 0 0 1 1 1 1   0 0 0 0 0 0 0   0 0 0 0 1 0 0
1 0 1 1 1 1 1 0 | 1 0 0 1 1 1 1   0 0 0 0 1 0 0   0 0 0 0 0 0 1
1 0 1 1 1 1 1 1 | 1 0 0 1 1 1 1   0 0 0 0 1 0 0   1 0 0 1 1 1 1
1 1 0 0 0 0 0 0 | 1 0 0 1 1 1 1   0 0 0 0 1 0 0   0 0 1 0 0 1 0
1 1 0 0 0 0 0 1 | 1 0 0 1 1 1 1   0 0 0 0 1 0 0   0 0 0 0 1 1 0
1 1 0 0 0 0 1 0 | 1 0 0 1 1 1 1   0 0 0 0 1 0 0   1 0 0 1 1 0 0
1 1 0 0 0 0 1 1 | 1 0 0 1 1 1 1   0 0 0 0 1 0 0   0 1 0 0 1 0 0
1 1 0 0 0 1 0 0 | 1 0 0 1 1 1 1   0 0 0 0 1 0 0   0 1 0 0 0 0 0
1 1 0 0 0 1 0 1 | 1 0 0 1 1 1 1   0 0 0 0 1 0 0   0 0 0 1 1 1 1
1 1 0 0 0 1 1 0 | 1 0 0 1 1 1 1   0 0 0 0 1 0 0   0 0 0 0 0 0 0
1 1 0 0 0 1 1 1 | 1 0 0 1 1 1 1   0 0 0 0 1 0 0   0 0 0 0 1 0 0
1 1 0 0 1 0 0 0 | 0 0 1 0 0 1 0   0 0 0 0 0 0 1   0 0 0 0 0 0 1
1 1 0 0 1 0 0 1 | 0 0 1 0 0 1 0   0 0 0 0 0 0 1   1 0 0 1 1 1 1
1 1 0 0 1 0 1 0 | 0 0 1 0 0 1 0   0 0 0 0 0 0 1   0 0 1 0 0 1 0
1 1 0 0 1 0 1 1 | 0 0 1 0 0 1 0   0 0 0 0 0 0 1   0 0 0 0 1 1 0
1 1 0 0 1 1 0 0 | 0 0 1 0 0 1 0   0 0 0 0 0 0 1   1 0 0 1 1 0 0
1 1 0 0 1 1 0 1 | 0 0 1 0 0 1 0   0 0 0 0 0 0 1   0 1 0 0 1 0 0
1 1 0 0 1 1 1 0 | 0 0 1 0 0 1 0   0 0 0 0 0 0 1   0 1 0 0 0 0 0
1 1 0 0 1 1 1 1 | 0 0 1 0 0 1 0   0 0 0 0 0 0 1   0 0 0 1 1 1 1
1 1 0 1 0 0 0 0 | 0 0 1 0 0 1 0   0 0 0 0 0 0 1   0 0 0 0 0 0 0
1 1 0 1 0 0 0 1 | 0 0 1 0 0 1 0   0 0 0 0 0 0 1   0 0 0 0 1 0 0
1 1 0 1 0 0 1 0 | 0 0 1 0 0 1 0   1 0 0 1 1 1 1   0 0 0 0 0 0 1
1 1 0 1 0 0 1 1 | 0 0 1 0 0 1 0   1 0 0 1 1 1 1   1 0 0 1 1 1 1
1 1 0 1 0 1 0 0 | 0 0 1 0 0 1 0   1 0 0 1 1 1 1   0 0 1 0 0 1 0
1 1 0 1 0 1 0 1 | 0 0 1 0 0 1 0   1 0 0 1 1 1 1   0 0 0 0 1 1 0
1 1 0 1 0 1 1 0 | 0 0 1 0 0 1 0   1 0 0 1 1 1 1   1 0 0 1 1 0 0
1 1 0 1 0 1 1 1 | 0 0 1 0 0 1 0   1 0 0 1 1 1 1   0 1 0 0 1 0 0
1 1 0 1 1 0 0 0 | 0 0 1 0 0 1 0   1 0 0 1 1 1 1   0 1 0 0 0 0 0
1 1 0 1 1 0 0 1 | 0 0 1 0 0 1 0   1 0 0 1 1 1 1   0 0 0 1 1 1 1
1 1 0 1 1 0 1 0 | 0 0 1 0 0 1 0   1 0 0 1 1 1 1   0 0 0 0 0 0 0
1 1 0 1 1 0 1 1 | 0 0 1 0 0 1 0   1 0 0 1 1 1 1   0 0 0 0 1 0 0
1 1 0 1 1 1 0 0 | 0 0 1 0 0 1 0   0 0 1 0 0 1 0   0 0 0 0 0 0 1
1 1 0 1 1 1 0 1 | 0 0 1 0 0 1 0   0 0 1 0 0 1 0   1 0 0 1 1 1 1
1 1 0 1 1 1 1 0 | 0 0 1 0 0 1 0   0 0 1 0 0 1 0   0 0 1 0 0 1 0
1 1 0 1 1 1 1 1 | 0 0 1 0 0 1 0   0 0 1 0 0 1 0   0 0 0 0 1 1 0
1 1 1 0 0 0 0 0 | 0 0 1 0 0 1 0   0 0 1 0 0 1 0   1 0 0 1 1 0 0
1 1 1 0 0 0 0 1 | 0 0 1 0 0 1 0   0 0 1 0 0 1 0   0 1 0 0 1 0 0
1 1 1 0 0 0 1 0 | 0 0 1 0 0 1 0   0 0 1 0 0 1 0   0 1 0 0 0 0 0
1 1 1 0 0 0 1 1 | 0 0 1 0 0 1 0   0 0 1 0 0 1 0   0 0 0 1 1 1 1
1 1 1 0 0 1 0 0 | 0 0 1 0 0 1 0   0 0 1 0 0 1 0   0 0 0 0 0 0 0
1 1 1 0 0 1 0 1 | 0 0 1 0 0 1 0   0 0 1 0 0 1 0   0 0 0 0 1 0 0
1 1 1 0 0 1 1 0 | 0 0 1 0 0 1 0   0 0 0 0 1 1 0   0 0 0 0 0 0 1
1 1 1 0 0 1 1 1 | 0 0 1 0 0 1 0   0 0 0 0 1 1 0   1 0 0 1 1 1 1
1 1 1 0 1 0 0 0 | 0 0 1 0 0 1 0   0 0 0 0 1 1 0   0 0 1 0 0 1 0
1 1 1 0 1 0 0 1 | 0 0 1 0 0 1 0   0 0 0 0 1 1 0   0 0 0 0 1 1 0
1 1 1 0 1 0 1 0 | 0 0 1 0 0 1 0   0 0 0 0 1 1 0   1 0 0 1 1 0 0
1 1 1 0 1 0 1 1 | 0 0 1 0 0 1 0   0 0 0 0 1 1 0   0 1 0 0 1 0 0
1 1 1 0 1 1 0 0 | 0 0 1 0 0 1 0   0 0 0 0 1 1 0   0 1 0 0 0 0 0
1 1 1 0 1 1 0 1 | 0 0 1 0 0 1 0   0 0 0 0 1 1 0   0 0 0 1 1 1 1
1 1 1 0 1 1 1 0 | 0 0 1 0 0 1 0   0 0 0 0 1 1 0   0 0 0 0 0 0 0
1 1 1 0 1 1 1 1 | 0 0 1 0 0 1 0   0 0 0 0 1 1 0   0 0 0 0 1 0 0
1 1 1 1 0 0 0 0 | 0 0 1 0 0 1 0   1 0 0 1 1 0 0   0 0 0 0 0 0 1
1 1 1 1 0 0 0 1 | 0 0 1 0 0 1 0   1 0 0 1 1 0 0   1 0 0 1 1 1 1
1 1 1 1 0 0 1 0 | 0 0 1 0 0 1 0   1 0 0 1 1 0 0   0 0 1 0 0 1 0
1 1 1 1 0 0 1 1 | 0 0 1 0 0 1 0   1 0 0 1 1 0 0   0 0 0 0 1 1 0
1 1 1 1 0 1 0 0 | 0 0 1 0 0 1 0   1 0 0 1 1 0 0   1 0 0 1 1 0 0
1 1 1 1 0 1 0 1 | 0 0 1 0 0 1 0   1 0 0 1 1 0 0   0 1 0 0 1 0 0
1 1 1 1 0 1 1 0 | 0 0 1 0 0 1 0   1 0 0 1 1 0 0   0 1 0 0 0 0 0
1 1 1 1 0 1 1 1 | 0 0 1 0 0 1 0   1 0 0 1 1 0 0   0 0 0 1 1 1 1
1 1 1 1 1 0 0 0 | 0 0 1 0 0 1 0   1 0 0 1 1 0 0   0 0 0 0 0 0 0
1 1 1 1 1 0 0 1 | 0 0 1 0 0 1 0   1 0 0 1 1 0 0   0 0 0 0 1 0 0
1 1 1 1 1 0 1 0 | 0 0 1 0 0 1 0   0 1 0 0 1 0 0   0 0 0 0 0 0 1
1 1 1 1 1 0 1 1 | 0 0 1 0 0 1 0   0 1 0 0 1 0 0   1 0 0 1 1 1 1
1 1 1 1 1 1 0 0 | 0 0 1 0 0 1 0   0 1 0 0 1 0 0   0 0 1 0 0 1 0
1 1 1 1 1 1 0 1 | 0 0 1 0 0 1 0   0 1 0 0 1 0 0   0 0 0 0 1 1 0
1 1 1 1 1 1 1 0 | 0 0 1 0 0 1 0   0 1 0 0 1 0 0   1 0 0 1 1 0 0
1 1 1 1 1 1 1 1 | 0 0 1 0 0 1 0   0 1 0 0 1 0 0   0 1 0 0 1 0 0